resolution: [512, 512]
model: 
    layer_sizes: [2000, 1000, 2]
    kernel_sizes: [5, 3, 3, 3, 3, 5, 5]
    pool_sizes: [2, 2, 2, 2, 2, 2, 1]
    channels: [10, 100, 200, 500, 750, 1000, 2000]
phi_range: 
    min: 0.000001
    max: 0.01
nw_range: 
    min: 10
    max: 300000
eta_sp_range: 
    min: 1
    max: 3500000
bg_range: 
    min: 0.0
    max: 1.53
    mu: -0.54748
    sigma: 0.30963
bth_range: 
    min: 0.0
    max: 0.8
    mu: -1.05196
    sigma: 0.2248
pe_range: 
    min: 0
    max: 18
    mu: -0.5
    sigma: 0.5
batch_size: 50
train_size: 700000
test_size: 300000
epochs: 100
learning_rate: 0.001